5.36 24.71 3.20 2.88 23.14 3.72
1.0000  0.4418  0.3759 -0.1752 0.2587  0.2332
0.4418  1.0000  0.6426 -0.2751 0.3899  0.3194
0.3759  0.6426  1.0000 -0.3311 0.4341  0.4048
-0.1752 -0.2751 -0.3311 1.0000 -0.2476 -0.2871
0.2587  0.3899  0.4341 -0.2476 1.0000  0.5300
0.2332  0.3194  0.4048 -0.2871 0.5300  1.0000
 